{
 "cells": [
  {
   "cell_type": "code",
   "execution_count": 1,
   "id": "3612e92f",
   "metadata": {},
   "outputs": [],
   "source": [
    "import numpy as np\n",
    "from numpy import mean\n",
    "import pandas as pd\n",
    "import seaborn as sns\n",
    "sns.set_palette('husl')\n",
    "import matplotlib.pyplot as plt\n",
    "%matplotlib inline\n",
    "\n",
    "from sklearn import metrics\n",
    "from sklearn.neighbors import KNeighborsClassifier\n",
    "from sklearn.linear_model import LogisticRegression\n",
    "from sklearn.model_selection import train_test_split"
   ]
  },
  {
   "cell_type": "code",
   "execution_count": 2,
   "id": "32430cc6",
   "metadata": {},
   "outputs": [],
   "source": [
    "from sklearn.model_selection import KFold\n",
    "from sklearn.model_selection import cross_val_score"
   ]
  },
  {
   "cell_type": "code",
   "execution_count": 3,
   "id": "cb882cdf",
   "metadata": {},
   "outputs": [],
   "source": [
    "data=pd.read_csv('./data/smoking_driking_dataset_Ver01.csv')"
   ]
  },
  {
   "cell_type": "code",
   "execution_count": 4,
   "id": "510f3456",
   "metadata": {},
   "outputs": [
    {
     "data": {
      "text/plain": [
       "Index(['sex', 'age', 'height', 'weight', 'waistline', 'sight_left',\n",
       "       'sight_right', 'hear_left', 'hear_right', 'SBP', 'DBP', 'BLDS',\n",
       "       'tot_chole', 'HDL_chole', 'LDL_chole', 'triglyceride', 'hemoglobin',\n",
       "       'urine_protein', 'serum_creatinine', 'SGOT_AST', 'SGOT_ALT',\n",
       "       'gamma_GTP', 'SMK_stat_type_cd', 'DRK_YN'],\n",
       "      dtype='object')"
      ]
     },
     "execution_count": 4,
     "metadata": {},
     "output_type": "execute_result"
    }
   ],
   "source": [
    "data.columns"
   ]
  },
  {
   "cell_type": "code",
   "execution_count": 5,
   "id": "0161a415",
   "metadata": {},
   "outputs": [
    {
     "data": {
      "text/html": [
       "<div>\n",
       "<style scoped>\n",
       "    .dataframe tbody tr th:only-of-type {\n",
       "        vertical-align: middle;\n",
       "    }\n",
       "\n",
       "    .dataframe tbody tr th {\n",
       "        vertical-align: top;\n",
       "    }\n",
       "\n",
       "    .dataframe thead th {\n",
       "        text-align: right;\n",
       "    }\n",
       "</style>\n",
       "<table border=\"1\" class=\"dataframe\">\n",
       "  <thead>\n",
       "    <tr style=\"text-align: right;\">\n",
       "      <th></th>\n",
       "      <th>age</th>\n",
       "      <th>height</th>\n",
       "      <th>weight</th>\n",
       "      <th>waistline</th>\n",
       "      <th>sight_left</th>\n",
       "      <th>sight_right</th>\n",
       "      <th>hear_left</th>\n",
       "      <th>hear_right</th>\n",
       "      <th>SBP</th>\n",
       "      <th>DBP</th>\n",
       "      <th>...</th>\n",
       "      <th>HDL_chole</th>\n",
       "      <th>LDL_chole</th>\n",
       "      <th>triglyceride</th>\n",
       "      <th>hemoglobin</th>\n",
       "      <th>urine_protein</th>\n",
       "      <th>serum_creatinine</th>\n",
       "      <th>SGOT_AST</th>\n",
       "      <th>SGOT_ALT</th>\n",
       "      <th>gamma_GTP</th>\n",
       "      <th>SMK_stat_type_cd</th>\n",
       "    </tr>\n",
       "  </thead>\n",
       "  <tbody>\n",
       "    <tr>\n",
       "      <th>age</th>\n",
       "      <td>1.000000</td>\n",
       "      <td>-0.398501</td>\n",
       "      <td>-0.195337</td>\n",
       "      <td>0.127170</td>\n",
       "      <td>-0.172096</td>\n",
       "      <td>-0.167684</td>\n",
       "      <td>0.203021</td>\n",
       "      <td>0.198693</td>\n",
       "      <td>0.265530</td>\n",
       "      <td>0.108847</td>\n",
       "      <td>...</td>\n",
       "      <td>-0.104624</td>\n",
       "      <td>0.029497</td>\n",
       "      <td>0.043549</td>\n",
       "      <td>-0.173081</td>\n",
       "      <td>0.041497</td>\n",
       "      <td>0.022819</td>\n",
       "      <td>0.059408</td>\n",
       "      <td>-0.020506</td>\n",
       "      <td>0.017391</td>\n",
       "      <td>-0.126031</td>\n",
       "    </tr>\n",
       "    <tr>\n",
       "      <th>height</th>\n",
       "      <td>-0.398501</td>\n",
       "      <td>1.000000</td>\n",
       "      <td>0.668823</td>\n",
       "      <td>0.263945</td>\n",
       "      <td>0.139141</td>\n",
       "      <td>0.138529</td>\n",
       "      <td>-0.081159</td>\n",
       "      <td>-0.082456</td>\n",
       "      <td>0.035030</td>\n",
       "      <td>0.108780</td>\n",
       "      <td>...</td>\n",
       "      <td>-0.148599</td>\n",
       "      <td>-0.015450</td>\n",
       "      <td>0.137611</td>\n",
       "      <td>0.531898</td>\n",
       "      <td>0.002298</td>\n",
       "      <td>0.171256</td>\n",
       "      <td>0.039203</td>\n",
       "      <td>0.144842</td>\n",
       "      <td>0.162340</td>\n",
       "      <td>0.467317</td>\n",
       "    </tr>\n",
       "    <tr>\n",
       "      <th>weight</th>\n",
       "      <td>-0.195337</td>\n",
       "      <td>0.668823</td>\n",
       "      <td>1.000000</td>\n",
       "      <td>0.637173</td>\n",
       "      <td>0.088901</td>\n",
       "      <td>0.088707</td>\n",
       "      <td>-0.044498</td>\n",
       "      <td>-0.045709</td>\n",
       "      <td>0.250770</td>\n",
       "      <td>0.277891</td>\n",
       "      <td>...</td>\n",
       "      <td>-0.287688</td>\n",
       "      <td>0.067859</td>\n",
       "      <td>0.283774</td>\n",
       "      <td>0.499491</td>\n",
       "      <td>0.029281</td>\n",
       "      <td>0.153885</td>\n",
       "      <td>0.099652</td>\n",
       "      <td>0.276440</td>\n",
       "      <td>0.221881</td>\n",
       "      <td>0.366499</td>\n",
       "    </tr>\n",
       "    <tr>\n",
       "      <th>waistline</th>\n",
       "      <td>0.127170</td>\n",
       "      <td>0.263945</td>\n",
       "      <td>0.637173</td>\n",
       "      <td>1.000000</td>\n",
       "      <td>0.004511</td>\n",
       "      <td>0.006158</td>\n",
       "      <td>0.033224</td>\n",
       "      <td>0.031012</td>\n",
       "      <td>0.272323</td>\n",
       "      <td>0.240890</td>\n",
       "      <td>...</td>\n",
       "      <td>-0.253988</td>\n",
       "      <td>0.063416</td>\n",
       "      <td>0.249436</td>\n",
       "      <td>0.291730</td>\n",
       "      <td>0.043132</td>\n",
       "      <td>0.098421</td>\n",
       "      <td>0.096858</td>\n",
       "      <td>0.212267</td>\n",
       "      <td>0.186988</td>\n",
       "      <td>0.205485</td>\n",
       "    </tr>\n",
       "    <tr>\n",
       "      <th>sight_left</th>\n",
       "      <td>-0.172096</td>\n",
       "      <td>0.139141</td>\n",
       "      <td>0.088901</td>\n",
       "      <td>0.004511</td>\n",
       "      <td>1.000000</td>\n",
       "      <td>0.307985</td>\n",
       "      <td>-0.039428</td>\n",
       "      <td>-0.040998</td>\n",
       "      <td>-0.035617</td>\n",
       "      <td>-0.001209</td>\n",
       "      <td>...</td>\n",
       "      <td>-0.004224</td>\n",
       "      <td>0.003013</td>\n",
       "      <td>0.010599</td>\n",
       "      <td>0.085896</td>\n",
       "      <td>-0.010253</td>\n",
       "      <td>0.020309</td>\n",
       "      <td>-0.005427</td>\n",
       "      <td>0.018815</td>\n",
       "      <td>0.013566</td>\n",
       "      <td>0.064194</td>\n",
       "    </tr>\n",
       "    <tr>\n",
       "      <th>sight_right</th>\n",
       "      <td>-0.167684</td>\n",
       "      <td>0.138529</td>\n",
       "      <td>0.088707</td>\n",
       "      <td>0.006158</td>\n",
       "      <td>0.307985</td>\n",
       "      <td>1.000000</td>\n",
       "      <td>-0.040764</td>\n",
       "      <td>-0.038895</td>\n",
       "      <td>-0.033994</td>\n",
       "      <td>-0.000568</td>\n",
       "      <td>...</td>\n",
       "      <td>-0.006259</td>\n",
       "      <td>0.002155</td>\n",
       "      <td>0.012265</td>\n",
       "      <td>0.086847</td>\n",
       "      <td>-0.010897</td>\n",
       "      <td>0.021447</td>\n",
       "      <td>-0.004600</td>\n",
       "      <td>0.018920</td>\n",
       "      <td>0.016491</td>\n",
       "      <td>0.065051</td>\n",
       "    </tr>\n",
       "    <tr>\n",
       "      <th>hear_left</th>\n",
       "      <td>0.203021</td>\n",
       "      <td>-0.081159</td>\n",
       "      <td>-0.044498</td>\n",
       "      <td>0.033224</td>\n",
       "      <td>-0.039428</td>\n",
       "      <td>-0.040764</td>\n",
       "      <td>1.000000</td>\n",
       "      <td>0.536890</td>\n",
       "      <td>0.056065</td>\n",
       "      <td>0.006893</td>\n",
       "      <td>...</td>\n",
       "      <td>-0.029464</td>\n",
       "      <td>-0.014621</td>\n",
       "      <td>0.002095</td>\n",
       "      <td>-0.036058</td>\n",
       "      <td>0.019754</td>\n",
       "      <td>0.015254</td>\n",
       "      <td>0.011283</td>\n",
       "      <td>-0.007907</td>\n",
       "      <td>0.002991</td>\n",
       "      <td>-0.021245</td>\n",
       "    </tr>\n",
       "    <tr>\n",
       "      <th>hear_right</th>\n",
       "      <td>0.198693</td>\n",
       "      <td>-0.082456</td>\n",
       "      <td>-0.045709</td>\n",
       "      <td>0.031012</td>\n",
       "      <td>-0.040998</td>\n",
       "      <td>-0.038895</td>\n",
       "      <td>0.536890</td>\n",
       "      <td>1.000000</td>\n",
       "      <td>0.057436</td>\n",
       "      <td>0.007524</td>\n",
       "      <td>...</td>\n",
       "      <td>-0.028046</td>\n",
       "      <td>-0.013438</td>\n",
       "      <td>0.002155</td>\n",
       "      <td>-0.036703</td>\n",
       "      <td>0.018264</td>\n",
       "      <td>0.012959</td>\n",
       "      <td>0.010763</td>\n",
       "      <td>-0.008687</td>\n",
       "      <td>0.003548</td>\n",
       "      <td>-0.022330</td>\n",
       "    </tr>\n",
       "    <tr>\n",
       "      <th>SBP</th>\n",
       "      <td>0.265530</td>\n",
       "      <td>0.035030</td>\n",
       "      <td>0.250770</td>\n",
       "      <td>0.272323</td>\n",
       "      <td>-0.035617</td>\n",
       "      <td>-0.033994</td>\n",
       "      <td>0.056065</td>\n",
       "      <td>0.057436</td>\n",
       "      <td>1.000000</td>\n",
       "      <td>0.741131</td>\n",
       "      <td>...</td>\n",
       "      <td>-0.111772</td>\n",
       "      <td>0.033619</td>\n",
       "      <td>0.186003</td>\n",
       "      <td>0.166530</td>\n",
       "      <td>0.063518</td>\n",
       "      <td>0.062605</td>\n",
       "      <td>0.081478</td>\n",
       "      <td>0.117613</td>\n",
       "      <td>0.161434</td>\n",
       "      <td>0.084918</td>\n",
       "    </tr>\n",
       "    <tr>\n",
       "      <th>DBP</th>\n",
       "      <td>0.108847</td>\n",
       "      <td>0.108780</td>\n",
       "      <td>0.277891</td>\n",
       "      <td>0.240890</td>\n",
       "      <td>-0.001209</td>\n",
       "      <td>-0.000568</td>\n",
       "      <td>0.006893</td>\n",
       "      <td>0.007524</td>\n",
       "      <td>0.741131</td>\n",
       "      <td>1.000000</td>\n",
       "      <td>...</td>\n",
       "      <td>-0.093838</td>\n",
       "      <td>0.066984</td>\n",
       "      <td>0.198651</td>\n",
       "      <td>0.241980</td>\n",
       "      <td>0.046054</td>\n",
       "      <td>0.057053</td>\n",
       "      <td>0.078555</td>\n",
       "      <td>0.131320</td>\n",
       "      <td>0.175610</td>\n",
       "      <td>0.126849</td>\n",
       "    </tr>\n",
       "    <tr>\n",
       "      <th>BLDS</th>\n",
       "      <td>0.195796</td>\n",
       "      <td>0.021266</td>\n",
       "      <td>0.138587</td>\n",
       "      <td>0.175519</td>\n",
       "      <td>-0.034817</td>\n",
       "      <td>-0.036893</td>\n",
       "      <td>0.039776</td>\n",
       "      <td>0.040905</td>\n",
       "      <td>0.183141</td>\n",
       "      <td>0.136266</td>\n",
       "      <td>...</td>\n",
       "      <td>-0.113152</td>\n",
       "      <td>-0.029736</td>\n",
       "      <td>0.204747</td>\n",
       "      <td>0.101712</td>\n",
       "      <td>0.113215</td>\n",
       "      <td>0.043542</td>\n",
       "      <td>0.067913</td>\n",
       "      <td>0.112182</td>\n",
       "      <td>0.168971</td>\n",
       "      <td>0.086490</td>\n",
       "    </tr>\n",
       "    <tr>\n",
       "      <th>tot_chole</th>\n",
       "      <td>0.011446</td>\n",
       "      <td>-0.023240</td>\n",
       "      <td>0.063238</td>\n",
       "      <td>0.063201</td>\n",
       "      <td>0.004371</td>\n",
       "      <td>0.003437</td>\n",
       "      <td>-0.024342</td>\n",
       "      <td>-0.022866</td>\n",
       "      <td>0.068557</td>\n",
       "      <td>0.111915</td>\n",
       "      <td>...</td>\n",
       "      <td>0.163868</td>\n",
       "      <td>0.877367</td>\n",
       "      <td>0.270683</td>\n",
       "      <td>0.121272</td>\n",
       "      <td>-0.005416</td>\n",
       "      <td>-0.005976</td>\n",
       "      <td>0.032410</td>\n",
       "      <td>0.075957</td>\n",
       "      <td>0.094537</td>\n",
       "      <td>0.011833</td>\n",
       "    </tr>\n",
       "    <tr>\n",
       "      <th>HDL_chole</th>\n",
       "      <td>-0.104624</td>\n",
       "      <td>-0.148599</td>\n",
       "      <td>-0.287688</td>\n",
       "      <td>-0.253988</td>\n",
       "      <td>-0.004224</td>\n",
       "      <td>-0.006259</td>\n",
       "      <td>-0.029464</td>\n",
       "      <td>-0.028046</td>\n",
       "      <td>-0.111772</td>\n",
       "      <td>-0.093838</td>\n",
       "      <td>...</td>\n",
       "      <td>1.000000</td>\n",
       "      <td>0.022089</td>\n",
       "      <td>-0.268366</td>\n",
       "      <td>-0.181865</td>\n",
       "      <td>-0.021816</td>\n",
       "      <td>-0.083897</td>\n",
       "      <td>-0.034110</td>\n",
       "      <td>-0.117597</td>\n",
       "      <td>-0.055709</td>\n",
       "      <td>-0.161031</td>\n",
       "    </tr>\n",
       "    <tr>\n",
       "      <th>LDL_chole</th>\n",
       "      <td>0.029497</td>\n",
       "      <td>-0.015450</td>\n",
       "      <td>0.067859</td>\n",
       "      <td>0.063416</td>\n",
       "      <td>0.003013</td>\n",
       "      <td>0.002155</td>\n",
       "      <td>-0.014621</td>\n",
       "      <td>-0.013438</td>\n",
       "      <td>0.033619</td>\n",
       "      <td>0.066984</td>\n",
       "      <td>...</td>\n",
       "      <td>0.022089</td>\n",
       "      <td>1.000000</td>\n",
       "      <td>0.029571</td>\n",
       "      <td>0.101646</td>\n",
       "      <td>-0.015287</td>\n",
       "      <td>0.002401</td>\n",
       "      <td>0.001996</td>\n",
       "      <td>0.047034</td>\n",
       "      <td>-0.008544</td>\n",
       "      <td>-0.012315</td>\n",
       "    </tr>\n",
       "    <tr>\n",
       "      <th>triglyceride</th>\n",
       "      <td>0.043549</td>\n",
       "      <td>0.137611</td>\n",
       "      <td>0.283774</td>\n",
       "      <td>0.249436</td>\n",
       "      <td>0.010599</td>\n",
       "      <td>0.012265</td>\n",
       "      <td>0.002095</td>\n",
       "      <td>0.002155</td>\n",
       "      <td>0.186003</td>\n",
       "      <td>0.198651</td>\n",
       "      <td>...</td>\n",
       "      <td>-0.268366</td>\n",
       "      <td>0.029571</td>\n",
       "      <td>1.000000</td>\n",
       "      <td>0.241645</td>\n",
       "      <td>0.042962</td>\n",
       "      <td>0.060193</td>\n",
       "      <td>0.106260</td>\n",
       "      <td>0.187614</td>\n",
       "      <td>0.299027</td>\n",
       "      <td>0.216026</td>\n",
       "    </tr>\n",
       "    <tr>\n",
       "      <th>hemoglobin</th>\n",
       "      <td>-0.173081</td>\n",
       "      <td>0.531898</td>\n",
       "      <td>0.499491</td>\n",
       "      <td>0.291730</td>\n",
       "      <td>0.085896</td>\n",
       "      <td>0.086847</td>\n",
       "      <td>-0.036058</td>\n",
       "      <td>-0.036703</td>\n",
       "      <td>0.166530</td>\n",
       "      <td>0.241980</td>\n",
       "      <td>...</td>\n",
       "      <td>-0.181865</td>\n",
       "      <td>0.101646</td>\n",
       "      <td>0.241645</td>\n",
       "      <td>1.000000</td>\n",
       "      <td>0.003793</td>\n",
       "      <td>0.139285</td>\n",
       "      <td>0.098892</td>\n",
       "      <td>0.229318</td>\n",
       "      <td>0.226218</td>\n",
       "      <td>0.453385</td>\n",
       "    </tr>\n",
       "    <tr>\n",
       "      <th>urine_protein</th>\n",
       "      <td>0.041497</td>\n",
       "      <td>0.002298</td>\n",
       "      <td>0.029281</td>\n",
       "      <td>0.043132</td>\n",
       "      <td>-0.010253</td>\n",
       "      <td>-0.010897</td>\n",
       "      <td>0.019754</td>\n",
       "      <td>0.018264</td>\n",
       "      <td>0.063518</td>\n",
       "      <td>0.046054</td>\n",
       "      <td>...</td>\n",
       "      <td>-0.021816</td>\n",
       "      <td>-0.015287</td>\n",
       "      <td>0.042962</td>\n",
       "      <td>0.003793</td>\n",
       "      <td>1.000000</td>\n",
       "      <td>0.086814</td>\n",
       "      <td>0.034656</td>\n",
       "      <td>0.030689</td>\n",
       "      <td>0.049398</td>\n",
       "      <td>0.015263</td>\n",
       "    </tr>\n",
       "    <tr>\n",
       "      <th>serum_creatinine</th>\n",
       "      <td>0.022819</td>\n",
       "      <td>0.171256</td>\n",
       "      <td>0.153885</td>\n",
       "      <td>0.098421</td>\n",
       "      <td>0.020309</td>\n",
       "      <td>0.021447</td>\n",
       "      <td>0.015254</td>\n",
       "      <td>0.012959</td>\n",
       "      <td>0.062605</td>\n",
       "      <td>0.057053</td>\n",
       "      <td>...</td>\n",
       "      <td>-0.083897</td>\n",
       "      <td>0.002401</td>\n",
       "      <td>0.060193</td>\n",
       "      <td>0.139285</td>\n",
       "      <td>0.086814</td>\n",
       "      <td>1.000000</td>\n",
       "      <td>0.025944</td>\n",
       "      <td>0.047847</td>\n",
       "      <td>0.056775</td>\n",
       "      <td>0.129679</td>\n",
       "    </tr>\n",
       "    <tr>\n",
       "      <th>SGOT_AST</th>\n",
       "      <td>0.059408</td>\n",
       "      <td>0.039203</td>\n",
       "      <td>0.099652</td>\n",
       "      <td>0.096858</td>\n",
       "      <td>-0.005427</td>\n",
       "      <td>-0.004600</td>\n",
       "      <td>0.011283</td>\n",
       "      <td>0.010763</td>\n",
       "      <td>0.081478</td>\n",
       "      <td>0.078555</td>\n",
       "      <td>...</td>\n",
       "      <td>-0.034110</td>\n",
       "      <td>0.001996</td>\n",
       "      <td>0.106260</td>\n",
       "      <td>0.098892</td>\n",
       "      <td>0.034656</td>\n",
       "      <td>0.025944</td>\n",
       "      <td>1.000000</td>\n",
       "      <td>0.641722</td>\n",
       "      <td>0.328497</td>\n",
       "      <td>0.062437</td>\n",
       "    </tr>\n",
       "    <tr>\n",
       "      <th>SGOT_ALT</th>\n",
       "      <td>-0.020506</td>\n",
       "      <td>0.144842</td>\n",
       "      <td>0.276440</td>\n",
       "      <td>0.212267</td>\n",
       "      <td>0.018815</td>\n",
       "      <td>0.018920</td>\n",
       "      <td>-0.007907</td>\n",
       "      <td>-0.008687</td>\n",
       "      <td>0.117613</td>\n",
       "      <td>0.131320</td>\n",
       "      <td>...</td>\n",
       "      <td>-0.117597</td>\n",
       "      <td>0.047034</td>\n",
       "      <td>0.187614</td>\n",
       "      <td>0.229318</td>\n",
       "      <td>0.030689</td>\n",
       "      <td>0.047847</td>\n",
       "      <td>0.641722</td>\n",
       "      <td>1.000000</td>\n",
       "      <td>0.374446</td>\n",
       "      <td>0.131569</td>\n",
       "    </tr>\n",
       "    <tr>\n",
       "      <th>gamma_GTP</th>\n",
       "      <td>0.017391</td>\n",
       "      <td>0.162340</td>\n",
       "      <td>0.221881</td>\n",
       "      <td>0.186988</td>\n",
       "      <td>0.013566</td>\n",
       "      <td>0.016491</td>\n",
       "      <td>0.002991</td>\n",
       "      <td>0.003548</td>\n",
       "      <td>0.161434</td>\n",
       "      <td>0.175610</td>\n",
       "      <td>...</td>\n",
       "      <td>-0.055709</td>\n",
       "      <td>-0.008544</td>\n",
       "      <td>0.299027</td>\n",
       "      <td>0.226218</td>\n",
       "      <td>0.049398</td>\n",
       "      <td>0.056775</td>\n",
       "      <td>0.328497</td>\n",
       "      <td>0.374446</td>\n",
       "      <td>1.000000</td>\n",
       "      <td>0.243576</td>\n",
       "    </tr>\n",
       "    <tr>\n",
       "      <th>SMK_stat_type_cd</th>\n",
       "      <td>-0.126031</td>\n",
       "      <td>0.467317</td>\n",
       "      <td>0.366499</td>\n",
       "      <td>0.205485</td>\n",
       "      <td>0.064194</td>\n",
       "      <td>0.065051</td>\n",
       "      <td>-0.021245</td>\n",
       "      <td>-0.022330</td>\n",
       "      <td>0.084918</td>\n",
       "      <td>0.126849</td>\n",
       "      <td>...</td>\n",
       "      <td>-0.161031</td>\n",
       "      <td>-0.012315</td>\n",
       "      <td>0.216026</td>\n",
       "      <td>0.453385</td>\n",
       "      <td>0.015263</td>\n",
       "      <td>0.129679</td>\n",
       "      <td>0.062437</td>\n",
       "      <td>0.131569</td>\n",
       "      <td>0.243576</td>\n",
       "      <td>1.000000</td>\n",
       "    </tr>\n",
       "  </tbody>\n",
       "</table>\n",
       "<p>22 rows × 22 columns</p>\n",
       "</div>"
      ],
      "text/plain": [
       "                       age    height    weight  waistline  sight_left  \\\n",
       "age               1.000000 -0.398501 -0.195337   0.127170   -0.172096   \n",
       "height           -0.398501  1.000000  0.668823   0.263945    0.139141   \n",
       "weight           -0.195337  0.668823  1.000000   0.637173    0.088901   \n",
       "waistline         0.127170  0.263945  0.637173   1.000000    0.004511   \n",
       "sight_left       -0.172096  0.139141  0.088901   0.004511    1.000000   \n",
       "sight_right      -0.167684  0.138529  0.088707   0.006158    0.307985   \n",
       "hear_left         0.203021 -0.081159 -0.044498   0.033224   -0.039428   \n",
       "hear_right        0.198693 -0.082456 -0.045709   0.031012   -0.040998   \n",
       "SBP               0.265530  0.035030  0.250770   0.272323   -0.035617   \n",
       "DBP               0.108847  0.108780  0.277891   0.240890   -0.001209   \n",
       "BLDS              0.195796  0.021266  0.138587   0.175519   -0.034817   \n",
       "tot_chole         0.011446 -0.023240  0.063238   0.063201    0.004371   \n",
       "HDL_chole        -0.104624 -0.148599 -0.287688  -0.253988   -0.004224   \n",
       "LDL_chole         0.029497 -0.015450  0.067859   0.063416    0.003013   \n",
       "triglyceride      0.043549  0.137611  0.283774   0.249436    0.010599   \n",
       "hemoglobin       -0.173081  0.531898  0.499491   0.291730    0.085896   \n",
       "urine_protein     0.041497  0.002298  0.029281   0.043132   -0.010253   \n",
       "serum_creatinine  0.022819  0.171256  0.153885   0.098421    0.020309   \n",
       "SGOT_AST          0.059408  0.039203  0.099652   0.096858   -0.005427   \n",
       "SGOT_ALT         -0.020506  0.144842  0.276440   0.212267    0.018815   \n",
       "gamma_GTP         0.017391  0.162340  0.221881   0.186988    0.013566   \n",
       "SMK_stat_type_cd -0.126031  0.467317  0.366499   0.205485    0.064194   \n",
       "\n",
       "                  sight_right  hear_left  hear_right       SBP       DBP  ...  \\\n",
       "age                 -0.167684   0.203021    0.198693  0.265530  0.108847  ...   \n",
       "height               0.138529  -0.081159   -0.082456  0.035030  0.108780  ...   \n",
       "weight               0.088707  -0.044498   -0.045709  0.250770  0.277891  ...   \n",
       "waistline            0.006158   0.033224    0.031012  0.272323  0.240890  ...   \n",
       "sight_left           0.307985  -0.039428   -0.040998 -0.035617 -0.001209  ...   \n",
       "sight_right          1.000000  -0.040764   -0.038895 -0.033994 -0.000568  ...   \n",
       "hear_left           -0.040764   1.000000    0.536890  0.056065  0.006893  ...   \n",
       "hear_right          -0.038895   0.536890    1.000000  0.057436  0.007524  ...   \n",
       "SBP                 -0.033994   0.056065    0.057436  1.000000  0.741131  ...   \n",
       "DBP                 -0.000568   0.006893    0.007524  0.741131  1.000000  ...   \n",
       "BLDS                -0.036893   0.039776    0.040905  0.183141  0.136266  ...   \n",
       "tot_chole            0.003437  -0.024342   -0.022866  0.068557  0.111915  ...   \n",
       "HDL_chole           -0.006259  -0.029464   -0.028046 -0.111772 -0.093838  ...   \n",
       "LDL_chole            0.002155  -0.014621   -0.013438  0.033619  0.066984  ...   \n",
       "triglyceride         0.012265   0.002095    0.002155  0.186003  0.198651  ...   \n",
       "hemoglobin           0.086847  -0.036058   -0.036703  0.166530  0.241980  ...   \n",
       "urine_protein       -0.010897   0.019754    0.018264  0.063518  0.046054  ...   \n",
       "serum_creatinine     0.021447   0.015254    0.012959  0.062605  0.057053  ...   \n",
       "SGOT_AST            -0.004600   0.011283    0.010763  0.081478  0.078555  ...   \n",
       "SGOT_ALT             0.018920  -0.007907   -0.008687  0.117613  0.131320  ...   \n",
       "gamma_GTP            0.016491   0.002991    0.003548  0.161434  0.175610  ...   \n",
       "SMK_stat_type_cd     0.065051  -0.021245   -0.022330  0.084918  0.126849  ...   \n",
       "\n",
       "                  HDL_chole  LDL_chole  triglyceride  hemoglobin  \\\n",
       "age               -0.104624   0.029497      0.043549   -0.173081   \n",
       "height            -0.148599  -0.015450      0.137611    0.531898   \n",
       "weight            -0.287688   0.067859      0.283774    0.499491   \n",
       "waistline         -0.253988   0.063416      0.249436    0.291730   \n",
       "sight_left        -0.004224   0.003013      0.010599    0.085896   \n",
       "sight_right       -0.006259   0.002155      0.012265    0.086847   \n",
       "hear_left         -0.029464  -0.014621      0.002095   -0.036058   \n",
       "hear_right        -0.028046  -0.013438      0.002155   -0.036703   \n",
       "SBP               -0.111772   0.033619      0.186003    0.166530   \n",
       "DBP               -0.093838   0.066984      0.198651    0.241980   \n",
       "BLDS              -0.113152  -0.029736      0.204747    0.101712   \n",
       "tot_chole          0.163868   0.877367      0.270683    0.121272   \n",
       "HDL_chole          1.000000   0.022089     -0.268366   -0.181865   \n",
       "LDL_chole          0.022089   1.000000      0.029571    0.101646   \n",
       "triglyceride      -0.268366   0.029571      1.000000    0.241645   \n",
       "hemoglobin        -0.181865   0.101646      0.241645    1.000000   \n",
       "urine_protein     -0.021816  -0.015287      0.042962    0.003793   \n",
       "serum_creatinine  -0.083897   0.002401      0.060193    0.139285   \n",
       "SGOT_AST          -0.034110   0.001996      0.106260    0.098892   \n",
       "SGOT_ALT          -0.117597   0.047034      0.187614    0.229318   \n",
       "gamma_GTP         -0.055709  -0.008544      0.299027    0.226218   \n",
       "SMK_stat_type_cd  -0.161031  -0.012315      0.216026    0.453385   \n",
       "\n",
       "                  urine_protein  serum_creatinine  SGOT_AST  SGOT_ALT  \\\n",
       "age                    0.041497          0.022819  0.059408 -0.020506   \n",
       "height                 0.002298          0.171256  0.039203  0.144842   \n",
       "weight                 0.029281          0.153885  0.099652  0.276440   \n",
       "waistline              0.043132          0.098421  0.096858  0.212267   \n",
       "sight_left            -0.010253          0.020309 -0.005427  0.018815   \n",
       "sight_right           -0.010897          0.021447 -0.004600  0.018920   \n",
       "hear_left              0.019754          0.015254  0.011283 -0.007907   \n",
       "hear_right             0.018264          0.012959  0.010763 -0.008687   \n",
       "SBP                    0.063518          0.062605  0.081478  0.117613   \n",
       "DBP                    0.046054          0.057053  0.078555  0.131320   \n",
       "BLDS                   0.113215          0.043542  0.067913  0.112182   \n",
       "tot_chole             -0.005416         -0.005976  0.032410  0.075957   \n",
       "HDL_chole             -0.021816         -0.083897 -0.034110 -0.117597   \n",
       "LDL_chole             -0.015287          0.002401  0.001996  0.047034   \n",
       "triglyceride           0.042962          0.060193  0.106260  0.187614   \n",
       "hemoglobin             0.003793          0.139285  0.098892  0.229318   \n",
       "urine_protein          1.000000          0.086814  0.034656  0.030689   \n",
       "serum_creatinine       0.086814          1.000000  0.025944  0.047847   \n",
       "SGOT_AST               0.034656          0.025944  1.000000  0.641722   \n",
       "SGOT_ALT               0.030689          0.047847  0.641722  1.000000   \n",
       "gamma_GTP              0.049398          0.056775  0.328497  0.374446   \n",
       "SMK_stat_type_cd       0.015263          0.129679  0.062437  0.131569   \n",
       "\n",
       "                  gamma_GTP  SMK_stat_type_cd  \n",
       "age                0.017391         -0.126031  \n",
       "height             0.162340          0.467317  \n",
       "weight             0.221881          0.366499  \n",
       "waistline          0.186988          0.205485  \n",
       "sight_left         0.013566          0.064194  \n",
       "sight_right        0.016491          0.065051  \n",
       "hear_left          0.002991         -0.021245  \n",
       "hear_right         0.003548         -0.022330  \n",
       "SBP                0.161434          0.084918  \n",
       "DBP                0.175610          0.126849  \n",
       "BLDS               0.168971          0.086490  \n",
       "tot_chole          0.094537          0.011833  \n",
       "HDL_chole         -0.055709         -0.161031  \n",
       "LDL_chole         -0.008544         -0.012315  \n",
       "triglyceride       0.299027          0.216026  \n",
       "hemoglobin         0.226218          0.453385  \n",
       "urine_protein      0.049398          0.015263  \n",
       "serum_creatinine   0.056775          0.129679  \n",
       "SGOT_AST           0.328497          0.062437  \n",
       "SGOT_ALT           0.374446          0.131569  \n",
       "gamma_GTP          1.000000          0.243576  \n",
       "SMK_stat_type_cd   0.243576          1.000000  \n",
       "\n",
       "[22 rows x 22 columns]"
      ]
     },
     "execution_count": 5,
     "metadata": {},
     "output_type": "execute_result"
    }
   ],
   "source": [
    "data.corr(method='pearson', numeric_only=True)"
   ]
  },
  {
   "cell_type": "code",
   "execution_count": 7,
   "id": "2af39d1f",
   "metadata": {},
   "outputs": [
    {
     "data": {
      "text/plain": [
       "Male      526415\n",
       "Female    464931\n",
       "Name: sex, dtype: int64"
      ]
     },
     "execution_count": 7,
     "metadata": {},
     "output_type": "execute_result"
    }
   ],
   "source": [
    "data['sex'].value_counts()"
   ]
  },
  {
   "cell_type": "code",
   "execution_count": null,
   "id": "b6979824",
   "metadata": {},
   "outputs": [],
   "source": [
    "data.describe()"
   ]
  },
  {
   "cell_type": "code",
   "execution_count": 11,
   "id": "d3529175",
   "metadata": {},
   "outputs": [
    {
     "data": {
